1 12
2 2
3 5
4 12
5 16
6 15
7 12
8 5
9 12
10 14
11 5
12 11
13 1
14 10
15 13
16 10
17 2
18 12
19 2
20 13
21 10
22 3
23 8
24 9
25 12
26 12
27 5
28 7
29 9
30 10
31 13
32 11
33 7
34 2
35 10
36 11
37 2
38 3
39 13
40 1
41 6
42 3
43 12
44 5
45 6
46 1
47 4
48 11
49 5
50 7
51 11
52 7
53 4
54 3
55 3
56 2
57 1
58 4
59 11
60 11
61 10
62 13
63 11
64 6
65 14
66 6
67 13
68 9
69 11
70 6
71 9
72 10
73 12
74 4
75 8
76 6
77 7
78 3
79 7
80 3
81 11
82 9
83 12
84 8
85 9
86 1
87 7
88 13
89 11
90 8
91 10
92 7
93 12
94 10
95 2
96 6
97 4
98 10
99 3
100 6
101 9
102 2
103 12
104 1
105 2
106 4
107 1
108 8
109 9
110 12
111 8
112 11
113 11
114 9
115 2
116 1
117 5
118 1
119 3
120 12
121 5
122 6
123 11
124 5
125 9
126 9
127 3
128 8
129 6
130 4
131 11
132 2
133 2
134 10
135 6
136 1
137 1
138 1
139 3
140 1
141 1
142 3
143 12
144 4
145 11
146 4
147 6
148 4
149 5
150 8
151 10
152 5
153 11
154 3
155 7
156 5
157 6
158 9
159 4
160 7
161 4
162 1
163 3
164 10
165 2
166 8
167 4
168 4
169 10
170 9
171 3
172 9
173 1
174 3
175 7
176 1
177 7
178 9
179 2
180 10
181 8
182 9
183 8
184 6
185 1
186 9
187 6
188 2
189 3
190 11
191 7
192 4
193 1
194 2
195 1
196 2
197 10
198 11
199 10
200 11
201 2
202 8
203 7
204 10
205 3
206 9
207 7
208 4
209 1
210 9
211 6
212 8
213 10
214 6
215 9
216 5
217 10
218 2
219 5
220 2
221 8
222 10
223 9
224 3
225 9
226 7
227 7
228 6
229 1
230 2
231 8
232 2
233 6
234 5
235 3
236 2
237 9
238 1
239 1
240 9
241 1
242 8
243 4
244 7
245 6
246 1
247 8
248 5
249 8
250 4
251 1
252 4
253 7
254 5
255 7
256 4
257 8
258 7
259 9
260 7
261 4
262 6
263 4
264 5
265 5
266 8
267 3
268 7
269 7
270 1
271 8
272 8
273 6
274 5
275 9
276 3
277 9
278 8
279 4
280 8
281 4
282 6
283 5
284 1
285 2
286 3
287 7
288 5
289 4
290 1
291 6
292 5
293 8
294 4
295 6
296 4
297 3
298 6
299 2
300 4
301 6
302 4
303 4
304 7
305 6
306 3
307 3
308 5
309 3
310 1
311 5
312 1
313 1
314 1
315 1
316 1
317 7
318 1
319 2
320 4
321 7
322 6
323 7
324 5
325 3
326 4
327 3
328 1
329 4
330 7
331 4
332 7
333 3
334 6
335 8
336 7
337 6
338 6
339 3
340 5
341 2
342 5
343 4
344 1
345 4
346 3
347 2
348 2
349 5
350 3
351 4
352 3
353 2
354 2
355 2
356 4
357 1
358 2
359 3
360 1
361 1
362 1
363 3
364 2
365 2
366 2
367 2
368 1
369 2
370 2
371 3
372 3
373 1
374 3
375 1
376 2
377 1
378 1
379 1
380 1
381 1
382 2
383 1
384 1
385 1
