1 3
2 1
3 3
4 1
5 1
6 1
7 3
8 1
9 1
10 2
11 2
12 2
13 2
14 1
15 2
16 2
17 1
18 4
19 1
20 7
21 3
22 9
23 2
24 1
25 1
26 7
27 2
28 5
29 2
30 1
31 1
32 8
33 9
34 1
35 6
36 8
37 2
38 9
39 1
40 6
41 2
42 1
43 8
44 1
45 9
46 2
47 1
48 2
49 3
50 1
51 2
52 4
53 9
54 4
55 1
56 4
57 10
58 9
59 1
60 2
61 6
62 2
63 1
64 1
65 1
66 1
67 2
68 1
69 2
70 5
71 1
72 7
73 2
74 11
75 1
76 1
77 1
78 6
79 2
80 2
81 10
82 1
83 6
84 2
85 1
86 6
87 1
88 1
89 3
90 2
91 1
92 10
93 1
94 2
95 3
96 2
97 2
98 1
99 7
100 5
101 3
102 1
103 1
104 1
105 1
106 1
107 2
108 6
109 1
110 1
111 1
112 1
113 1
114 3
115 11
116 6
117 3
118 2
119 2
120 2
121 1
122 2
123 3
124 2
125 1
126 6
127 1
128 5
129 1
130 6
131 2
132 3
133 11
134 2
135 9
136 2
137 2
138 5
